3590
3 0 2 0
4 0 3 0
4 2 3 2
4 3 3 3
5 3 4 2
5 4 4 4
7 0 6 0
7 1 6 1
8 0 7 0
8 1 7 1
8 4 7 4
8 7 7 7
9 3 8 2
9 6 8 5
9 8 8 7
10 1 9 1
10 3 9 2
10 5 9 4
10 10 9 9
11 1 10 1
11 3 10 3
11 6 10 6
12 1 11 0
12 2 11 1
12 4 11 4
12 6 11 6
12 7 11 6
12 11 11 11
13 2 12 1
13 3 12 2
13 6 12 6
13 11 12 11
14 3 13 3
14 7 13 6
14 9 13 9
14 11 13 11
14 13 13 13
15 0 14 0
15 6 14 5
15 7 14 6
15 9 14 8
15 12 14 12
16 4 15 3
16 7 15 6
16 9 15 9
16 11 15 11
17 3 16 3
17 7 16 6
17 8 16 8
17 9 16 9
17 13 16 12
17 15 16 14
18 6 17 5
19 3 18 2
19 6 18 5
19 13 18 12
19 14 18 13
19 15 18 15
19 18 18 18
20 5 19 4
20 10 19 9
20 15 19 15
20 17 19 16
21 6 20 5
21 7 20 7
21 13 20 12
21 15 20 15
21 19 20 18
22 0 21 0
22 12 21 11
22 13 21 13
22 15 21 15
22 19 21 19
22 22 21 21
23 12 22 11
23 13 22 12
23 14 22 14
23 19 22 19
23 21 22 20
24 0 23 0
24 5 23 5
24 9 23 9
24 10 23 9
24 12 23 12
24 17 23 17
24 22 23 22
24 23 23 23
24 24 23 23
25 1 24 0
25 2 24 2
25 4 24 4
25 8 24 7
25 10 24 9
25 14 24 14
25 17 24 16
25 19 24 18
25 22 24 21
25 24 24 23
25 25 24 24
26 2 25 1
26 3 25 3
26 5 25 4
26 6 25 5
26 8 25 8
26 10 25 10
26 13 25 13
26 17 25 17
26 21 25 21
26 22 25 22
26 23 25 22
27 0 26 0
27 4 26 4
27 7 26 7
27 12 26 12
27 13 26 12
27 16 26 16
27 19 26 19
27 25 26 25
28 4 27 3
28 9 27 9
28 10 27 9
28 12 27 11
28 15 27 15
28 23 27 23
29 14 28 13
29 15 28 14
29 18 28 18
29 22 28 22
2 1 1 0
4 2 3 1
5 3 4 2
6 3 5 3
6 5 5 4
7 2 6 2
7 4 6 3
8 1 7 0
8 2 7 2
8 3 7 2
8 4 7 3
8 5 7 4
8 8 7 7
9 5 8 4
10 4 9 3
11 2 10 1
11 10 10 9
12 1 11 0
12 3 11 2
12 4 11 3
12 6 11 6
12 10 11 9
13 1 12 0
13 8 12 7
13 11 12 10
14 2 13 2
14 6 13 5
14 9 13 8
14 11 13 10
15 1 14 0
15 3 14 3
15 10 14 9
15 11 14 11
15 15 14 14
16 3 15 2
16 6 15 6
16 8 15 7
16 12 15 12
16 15 15 14
17 0 16 0
17 2 16 2
17 5 16 5
17 7 16 7
17 12 16 12
17 16 16 15
17 17 16 16
18 1 17 0
18 3 17 3
18 5 17 5
18 8 17 8
18 9 17 9
19 3 18 3
19 5 18 5
19 8 18 8
19 10 18 10
19 15 18 15
20 4 19 3
20 8 19 8
20 11 19 11
20 14 19 14
20 15 19 14
20 16 19 16
20 17 19 17
20 18 19 18
21 0 20 0
21 1 20 1
21 8 20 7
21 11 20 11
21 15 20 14
21 17 20 16
21 18 20 18
21 19 20 19
22 1 21 0
22 3 21 2
22 7 21 6
22 9 21 8
22 12 21 11
22 17 21 17
22 19 21 19
22 20 21 20
23 1 22 0
23 2 22 1
23 5 22 4
23 9 22 8
23 12 22 12
23 17 22 17
23 19 22 19
23 20 22 19
23 21 22 20
24 2 23 1
24 3 23 2
24 4 23 4
24 7 23 6
24 8 23 8
24 11 23 10
24 12 23 12
24 16 23 15
24 20 23 20
24 23 23 23
25 5 24 5
25 13 24 13
25 16 24 16
25 22 24 22
26 5 25 5
26 8 25 7
26 15 25 15
26 25 25 25
27 9 26 8
27 26 26 26
28 1 27 0
28 5 27 4
28 14 27 14
28 16 27 15
28 19 27 19
28 21 27 21
28 24 27 24
29 2 28 2
29 7 28 6
29 8 28 7
29 10 28 10
29 16 28 16
29 24 28 23
29 28 28 27
29 29 28 28
3 0 2 0
3 2 2 2
3 3 2 2
5 1 4 0
5 2 4 2
6 3 5 2
7 4 6 3
8 3 7 3
8 7 7 7
9 4 8 4
10 1 9 0
10 2 9 2
10 5 9 5
10 9 9 8
11 3 10 2
11 4 10 4
11 5 10 4
11 9 10 8
11 10 10 10
12 11 11 10
13 3 12 2
13 5 12 5
14 4 13 4
14 5 13 4
14 8 13 7
14 14 13 13
15 6 14 6
16 2 15 1
16 5 15 5
16 9 15 8
16 11 15 11
17 0 16 0
17 5 16 5
17 14 16 14
18 1 17 1
18 3 17 3
18 6 17 6
18 12 17 12
18 18 17 17
19 1 18 1
19 7 18 6
19 16 18 16
20 9 19 8
20 11 19 10
20 17 19 16
20 18 19 17
21 11 20 11
21 13 20 13
21 21 20 20
22 5 21 4
22 10 21 10
22 16 21 16
23 5 22 5
23 6 22 6
23 7 22 7
23 10 22 9
23 11 22 11
23 16 22 16
23 20 22 19
23 21 22 21
23 22 22 21
24 5 23 5
24 6 23 6
24 20 23 19
24 21 23 20
25 1 24 0
25 21 24 20
26 2 25 2
26 7 25 6
26 8 25 7
26 11 25 10
26 14 25 13
26 20 25 20
26 22 25 22
26 24 25 23
26 25 25 24
27 4 26 3
27 6 26 5
27 7 26 6
27 11 26 10
27 20 26 20
27 21 26 21
27 24 26 24
27 27 26 26
28 6 27 5
28 8 27 7
28 11 27 11
28 23 27 23
28 24 27 24
28 25 27 25
29 3 28 3
29 11 28 11
29 17 28 17
29 21 28 21
29 24 28 24
1 1 0 0
6 2 5 1
6 3 5 3
7 2 6 2
7 5 6 4
7 7 6 6
9 1 8 0
9 3 8 3
10 4 9 3
10 7 9 6
11 8 10 7
11 11 10 10
12 1 11 1
12 5 11 4
12 8 11 8
13 0 12 0
13 1 12 1
13 9 12 9
14 9 13 9
15 2 14 1
15 9 14 8
15 11 14 10
15 15 14 14
16 11 15 11
17 3 16 3
17 9 16 9
17 12 16 11
17 17 16 16
18 1 17 1
18 8 17 8
18 9 17 9
18 10 17 9
18 11 17 11
18 16 17 15
19 3 18 3
19 11 18 11
19 13 18 12
19 17 18 16
20 5 19 5
20 6 19 6
20 7 19 7
20 12 19 11
20 13 19 12
20 18 19 17
20 19 19 18
21 4 20 3
21 5 20 5
21 6 20 6
21 8 20 8
21 10 20 10
21 16 20 15
21 18 20 17
22 1 21 1
22 8 21 8
22 12 21 11
22 15 21 15
22 17 21 16
22 18 21 18
23 3 22 3
23 4 22 4
23 5 22 5
23 17 22 16
23 22 22 22
24 8 23 7
24 13 23 12
24 16 23 16
24 19 23 19
24 22 23 21
24 23 23 22
25 5 24 5
25 6 24 5
25 7 24 6
25 11 24 11
25 13 24 12
25 15 24 14
25 17 24 17
25 22 24 22
25 23 24 22
26 5 25 4
26 6 25 5
26 7 25 7
26 8 25 7
26 12 25 12
26 16 25 15
26 20 25 20
26 23 25 23
26 24 25 24
26 26 25 25
27 3 26 2
27 7 26 6
27 8 26 7
27 13 26 13
27 17 26 17
27 23 26 23
28 2 27 1
28 3 27 3
28 7 27 6
28 10 27 9
28 16 27 16
28 17 27 17
28 18 27 18
28 21 27 21
28 23 27 22
28 27 27 27
29 0 28 0
29 8 28 7
29 10 28 10
29 16 28 15
29 27 28 26
5 1 4 0
5 2 4 1
6 1 5 1
6 4 5 4
7 4 6 3
9 2 8 1
9 3 8 2
9 8 8 8
10 2 9 1
10 3 9 3
10 6 9 5
10 10 9 9
11 1 10 1
11 2 10 2
11 5 10 5
11 6 10 6
11 9 10 9
12 3 11 2
12 6 11 5
12 7 11 7
12 9 11 8
13 5 12 5
13 7 12 6
13 8 12 8
13 9 12 9
15 7 14 7
15 14 14 13
16 15 15 15
17 1 16 1
17 8 16 7
17 14 16 13
17 16 16 15
18 2 17 2
18 3 17 3
18 13 17 13
18 15 17 14
18 16 17 15
19 2 18 1
19 8 18 8
19 10 18 10
19 12 18 12
19 13 18 13
19 14 18 14
19 18 18 18
20 2 19 1
20 3 19 2
20 5 19 4
20 11 19 10
20 15 19 14
20 16 19 16
21 3 20 3
21 4 20 4
21 8 20 8
21 18 20 18
21 19 20 18
22 4 21 4
22 10 21 10
22 11 21 11
22 12 21 12
22 19 21 19
23 2 22 1
23 8 22 7
23 13 22 13
23 16 22 15
23 19 22 19
24 5 23 5
24 6 23 5
24 18 23 17
24 20 23 19
24 22 23 22
25 3 24 2
25 4 24 4
25 5 24 5
25 7 24 7
25 8 24 8
25 9 24 8
25 15 24 14
25 23 24 22
25 24 24 23
26 5 25 4
26 6 25 5
26 7 25 6
26 8 25 8
26 10 25 10
26 13 25 13
26 17 25 17
26 19 25 18
26 22 25 22
26 23 25 22
27 11 26 10
27 12 26 12
27 13 26 12
27 15 26 15
27 18 26 18
27 19 26 18
27 22 26 22
27 23 26 23
27 24 26 24
27 25 26 24
27 27 26 26
28 10 27 10
28 13 27 12
28 20 27 20
28 26 27 25
29 6 28 5
29 22 28 21
29 24 28 23
4 3 3 3
5 3 4 3
8 0 7 0
9 0 8 0
9 5 8 4
10 1 9 1
10 4 9 4
10 6 9 5
10 7 9 7
10 8 9 7
11 4 10 3
11 5 10 5
12 1 11 1
12 9 11 9
13 4 12 3
13 6 12 5
14 1 13 1
14 3 13 2
14 5 13 5
14 6 13 5
14 10 13 9
14 11 13 10
14 12 13 12
15 1 14 0
15 2 14 1
15 13 14 12
16 3 15 2
16 10 15 10
16 14 15 13
17 2 16 2
17 11 16 11
17 14 16 14
17 15 16 15
18 1 17 0
18 5 17 5
18 8 17 8
18 12 17 11
18 14 17 14
19 2 18 2
19 6 18 6
19 7 18 7
19 10 18 10
19 15 18 14
20 1 19 1
20 9 19 8
20 10 19 10
21 9 20 9
21 12 20 12
21 16 20 16
21 17 20 17
22 4 21 3
22 6 21 5
22 7 21 7
22 9 21 9
22 13 21 13
22 20 21 19
22 21 21 21
23 6 22 6
23 8 22 7
23 12 22 12
23 14 22 13
23 20 22 19
23 21 22 21
23 23 22 22
24 0 23 0
24 2 23 2
24 8 23 8
24 11 23 11
24 13 23 12
24 17 23 16
24 22 23 21
25 1 24 0
25 8 24 8
25 9 24 8
25 10 24 10
25 12 24 11
25 16 24 16
25 17 24 16
25 19 24 18
25 20 24 19
26 2 25 2
26 10 25 10
26 15 25 15
26 16 25 16
26 17 25 17
26 20 25 19
26 21 25 20
26 24 25 23
27 1 26 1
27 5 26 4
27 9 26 9
27 17 26 16
27 26 26 25
28 18 27 17
28 26 27 26
29 7 28 7
29 16 28 16
29 20 28 20
29 25 28 24
2 1 1 1
3 1 2 1
4 1 3 0
4 3 3 3
6 1 5 0
6 3 5 2
7 1 6 1
8 0 7 0
8 1 7 1
8 3 7 2
8 4 7 3
8 8 7 7
9 3 8 3
9 5 8 5
9 6 8 6
10 3 9 3
10 5 9 4
11 3 10 3
11 4 10 4
11 5 10 4
11 7 10 7
12 2 11 2
12 5 11 5
12 6 11 5
13 2 12 2
13 6 12 5
13 7 12 7
13 10 12 9
14 7 13 6
14 12 13 11
15 1 14 1
15 5 14 5
15 10 14 9
15 12 14 11
15 13 14 12
15 15 14 14
16 1 15 1
16 4 15 3
16 5 15 5
16 6 15 6
16 7 15 6
16 10 15 9
16 11 15 11
16 13 15 12
16 15 15 15
17 8 16 8
17 11 16 11
18 1 17 1
18 4 17 4
18 7 17 6
18 8 17 7
18 10 17 9
18 12 17 12
19 1 18 0
19 2 18 1
19 3 18 3
19 8 18 8
19 10 18 9
19 12 18 12
19 14 18 13
20 4 19 3
20 8 19 8
20 10 19 9
20 17 19 17
20 18 19 18
21 5 20 4
21 7 20 6
21 8 20 7
21 15 20 15
21 18 20 18
22 0 21 0
22 3 21 3
22 6 21 5
22 7 21 6
22 12 21 12
22 14 21 13
22 15 21 15
22 19 21 18
22 21 21 21
23 1 22 0
23 4 22 4
23 8 22 7
23 9 22 9
23 16 22 15
23 17 22 16
23 18 22 17
23 20 22 19
24 9 23 9
24 10 23 9
24 13 23 13
24 15 23 14
24 16 23 16
25 16 24 16
25 19 24 18
25 20 24 20
25 22 24 21
25 23 24 22
26 7 25 7
26 18 25 17
26 19 25 19
26 21 25 20
27 4 26 4
27 8 26 7
27 10 26 10
27 11 26 11
27 19 26 19
27 20 26 19
28 1 27 1
28 3 27 2
28 7 27 6
28 9 27 8
28 19 27 19
28 24 27 24
28 28 27 27
29 4 28 3
29 6 28 6
29 9 28 8
29 18 28 18
29 21 28 20
4 2 3 2
5 1 4 1
6 2 5 2
7 1 6 1
7 3 6 3
7 7 6 6
8 6 7 6
9 3 8 3
9 7 8 6
11 1 10 1
11 5 10 5
11 9 10 8
12 4 11 3
12 6 11 6
13 1 12 0
13 2 12 1
14 4 13 3
14 12 13 11
15 2 14 2
15 4 14 4
15 12 14 11
16 8 15 7
16 14 15 14
17 4 16 4
17 5 16 5
17 8 16 7
17 9 16 8
18 3 17 2
18 9 17 8
18 11 17 11
18 17 17 17
19 4 18 4
19 5 18 5
19 11 18 10
19 18 18 17
20 1 19 0
20 3 19 3
20 5 19 4
20 7 19 6
20 14 19 14
20 16 19 15
20 19 19 18
21 3 20 3
21 4 20 3
21 10 20 10
21 12 20 12
21 14 20 14
21 18 20 18
21 19 20 19
22 6 21 6
22 7 21 7
22 9 21 8
22 11 21 10
22 15 21 15
23 5 22 5
23 7 22 6
23 8 22 8
23 9 22 8
23 11 22 11
23 19 22 18
24 4 23 4
24 5 23 4
24 7 23 7
24 19 23 18
24 20 23 19
24 21 23 20
24 22 23 21
25 2 24 2
25 3 24 3
25 9 24 9
25 11 24 11
25 18 24 17
25 25 24 24
26 4 25 3
26 9 25 8
26 12 25 12
27 4 26 4
27 13 26 13
27 20 26 20
27 26 26 26
28 2 27 2
28 21 27 20
29 2 28 2
29 7 28 6
29 15 28 14
29 21 28 21
4 1 3 0
5 2 4 1
6 0 5 0
7 0 6 0
8 2 7 2
8 4 7 3
10 0 9 0
10 4 9 3
11 7 10 6
12 9 11 9
13 1 12 1
13 5 12 4
14 0 13 0
14 9 13 8
15 4 14 3
15 11 14 11
16 0 15 0
16 3 15 2
16 8 15 8
17 1 16 0
17 3 16 3
17 8 16 7
17 11 16 10
17 15 16 14
17 17 16 16
18 4 17 3
18 7 17 7
18 13 17 13
18 15 17 15
19 1 18 1
19 3 18 2
19 8 18 8
19 14 18 13
19 17 18 17
20 1 19 1
20 4 19 3
20 9 19 8
20 12 19 12
20 14 19 13
21 4 20 4
21 7 20 6
21 9 20 9
21 12 20 12
21 13 20 13
22 11 21 10
22 14 21 13
22 18 21 17
22 19 21 19
22 20 21 19
23 2 22 2
23 7 22 6
23 10 22 9
23 11 22 10
23 12 22 12
23 14 22 14
23 15 22 14
23 18 22 17
23 19 22 19
23 20 22 19
24 1 23 1
24 2 23 1
24 8 23 7
24 9 23 9
24 11 23 11
24 14 23 14
24 17 23 17
25 4 24 4
25 8 24 8
25 10 24 9
25 11 24 10
25 16 24 15
25 17 24 17
26 2 25 2
26 3 25 2
26 5 25 4
26 7 25 7
26 16 25 16
26 20 25 20
26 22 25 21
27 8 26 8
27 10 26 9
27 11 26 10
27 17 26 17
27 24 26 23
27 26 26 25
28 8 27 7
28 27 27 26
29 1 28 1
29 3 28 2
29 9 28 9
29 11 28 10
1 1 0 0
4 1 3 1
5 1 4 1
6 1 5 0
6 3 5 2
7 2 6 2
8 5 7 4
8 6 7 6
9 4 8 4
10 6 9 6
11 0 10 0
11 2 10 2
12 1 11 0
12 2 11 2
12 5 11 4
12 12 11 11
13 11 12 11
14 1 13 1
14 4 13 4
14 5 13 5
14 7 13 7
14 13 13 12
15 0 14 0
15 5 14 4
15 6 14 6
15 8 14 8
15 10 14 10
15 11 14 10
16 2 15 2
16 4 15 4
16 8 15 7
16 9 15 8
16 11 15 11
16 12 15 12
16 14 15 13
17 0 16 0
17 2 16 2
17 12 16 12
17 13 16 12
18 2 17 1
18 5 17 5
18 8 17 7
18 10 17 9
18 16 17 16
19 4 18 4
19 6 18 5
19 8 18 7
19 11 18 10
19 15 18 15
20 5 19 4
20 6 19 6
20 9 19 9
20 11 19 10
20 13 19 12
20 17 19 17
20 19 19 19
21 0 20 0
21 8 20 8
21 11 20 11
21 16 20 16
21 17 20 17
21 20 20 19
22 5 21 4
22 8 21 8
22 14 21 14
22 19 21 19
22 21 21 20
23 1 22 0
23 4 22 3
23 5 22 5
23 7 22 7
23 9 22 8
23 16 22 15
23 17 22 16
23 21 22 20
24 4 23 3
24 8 23 7
25 2 24 2
25 4 24 3
25 11 24 11
25 20 24 20
26 10 25 9
26 11 25 10
26 20 25 20
26 23 25 22
26 24 25 24
27 0 26 0
27 2 26 2
27 3 26 2
27 7 26 6
27 11 26 10
27 14 26 14
27 16 26 16
27 24 26 23
28 3 27 2
28 4 27 4
28 10 27 10
28 11 27 11
28 13 27 13
28 14 27 14
28 15 27 14
28 16 27 16
28 17 27 16
28 25 27 24
29 8 28 8
1 0 0 0
5 2 4 2
6 3 5 3
6 6 5 5
7 4 6 4
7 7 6 6
8 5 7 5
10 2 9 2
10 9 9 9
11 2 10 1
12 4 11 3
12 8 11 7
13 1 12 1
13 4 12 4
13 5 12 5
13 6 12 6
13 12 12 12
14 2 13 2
14 10 13 10
14 12 13 11
15 3 14 3
15 7 14 7
15 12 14 12
15 13 14 12
16 3 15 3
16 5 15 4
16 7 15 6
16 11 15 10
17 6 16 5
17 13 16 13
17 15 16 14
17 16 16 16
18 5 17 5
18 8 17 8
18 15 17 14
19 3 18 2
19 6 18 6
19 9 18 9
19 16 18 16
20 0 19 0
20 4 19 4
20 5 19 5
20 6 19 5
20 12 19 11
20 16 19 15
20 19 19 19
21 4 20 4
21 6 20 6
21 7 20 7
21 13 20 12
21 16 20 15
21 19 20 19
22 3 21 3
22 4 21 4
22 5 21 4
22 11 21 11
22 17 21 16
22 18 21 18
23 1 22 1
23 5 22 5
23 11 22 10
24 6 23 6
24 8 23 8
24 9 23 8
24 17 23 16
24 19 23 19
25 1 24 1
25 3 24 3
25 7 24 7
25 9 24 9
25 12 24 12
25 15 24 14
25 17 24 16
26 2 25 1
26 3 25 2
26 4 25 3
26 8 25 7
26 9 25 8
26 12 25 12
26 15 25 15
27 9 26 8
27 16 26 15
27 19 26 18
27 21 26 21
27 22 26 22
28 2 27 2
28 8 27 8
28 22 27 21
29 11 28 10
3 0 2 0
8 3 7 2
8 4 7 4
8 7 7 7
8 8 7 7
9 2 8 1
9 6 8 5
10 7 9 7
11 6 10 6
11 7 10 6
11 10 10 9
12 1 11 1
12 4 11 3
12 5 11 4
12 6 11 6
12 11 11 11
13 2 12 2
13 6 12 6
13 7 12 7
13 10 12 10
13 11 12 10
14 8 13 7
14 11 13 10
15 2 14 1
15 3 14 3
15 5 14 5
15 6 14 6
15 9 14 8
15 10 14 10
15 11 14 10
15 13 14 13
16 0 15 0
16 2 15 2
16 5 15 4
16 7 15 7
17 1 16 1
17 3 16 2
17 7 16 7
17 8 16 8
17 9 16 8
18 2 17 2
18 5 17 4
18 7 17 6
18 8 17 7
18 16 17 15
19 0 18 0
19 4 18 3
19 6 18 5
19 8 18 8
19 9 18 8
19 13 18 12
19 15 18 15
20 3 19 3
20 4 19 3
20 6 19 5
20 7 19 7
20 9 19 8
21 2 20 1
21 3 20 2
21 14 20 14
21 16 20 16
22 0 21 0
22 2 21 1
22 3 21 2
22 6 21 6
22 9 21 9
22 13 21 12
22 14 21 13
22 15 21 14
22 20 21 19
23 0 22 0
23 4 22 3
23 6 22 6
23 16 22 15
24 1 23 0
24 2 23 1
24 3 23 3
24 5 23 5
24 6 23 6
24 9 23 9
24 11 23 11
24 16 23 16
24 20 23 19
25 2 24 2
25 3 24 3
25 9 24 9
25 16 24 16
25 21 24 21
26 3 25 2
26 10 25 9
26 14 25 13
26 17 25 16
26 18 25 17
26 21 25 20
26 24 25 23
27 2 26 2
27 3 26 2
27 4 26 3
27 11 26 10
28 17 27 16
28 24 27 23
29 13 28 13
29 25 28 25
4 2 3 2
7 5 6 5
8 1 7 1
8 5 7 5
9 8 8 7
10 1 9 1
10 5 9 5
10 8 9 8
11 2 10 2
11 3 10 2
11 4 10 3
11 5 10 4
11 9 10 8
11 10 10 10
11 11 10 10
12 5 11 4
12 12 11 11
13 7 12 6
14 3 13 3
14 4 13 4
14 6 13 5
14 7 13 6
14 8 13 7
14 12 13 12
15 3 14 2
15 7 14 7
15 9 14 9
16 1 15 1
16 4 15 3
16 7 15 7
16 8 15 8
16 9 15 9
16 12 15 11
16 13 15 12
17 2 16 2
17 10 16 9
17 14 16 14
18 3 17 3
18 9 17 8
18 11 17 10
18 12 17 11
18 13 17 12
18 15 17 14
18 17 17 17
19 8 18 7
19 11 18 11
19 14 18 13
19 15 18 15
19 17 18 16
19 18 18 17
20 3 19 2
20 12 19 11
20 18 19 18
21 5 20 5
21 10 20 10
21 12 20 12
21 19 20 18
22 1 21 1
22 6 21 6
22 7 21 6
22 12 21 12
22 16 21 16
22 19 21 18
22 20 21 19
23 1 22 1
23 12 22 12
23 14 22 13
23 18 22 18
23 20 22 20
23 22 22 21
24 0 23 0
24 7 23 6
24 10 23 10
24 16 23 15
24 21 23 21
24 23 23 22
25 5 24 4
25 8 24 8
25 10 24 9
25 13 24 13
25 17 24 17
25 19 24 18
26 6 25 5
26 8 25 8
26 13 25 13
26 14 25 13
26 16 25 16
26 19 25 19
27 7 26 6
27 9 26 8
27 12 26 12
27 13 26 13
27 15 26 14
27 18 26 17
27 19 26 19
27 21 26 21
27 25 26 25
28 2 27 2
28 12 27 12
28 17 27 17
2 2 1 1
3 2 2 1
4 3 3 2
5 3 4 2
6 2 5 2
6 3 5 3
7 5 6 5
7 6 6 6
8 2 7 2
9 3 8 3
9 8 8 7
10 2 9 1
10 3 9 2
12 0 11 0
12 2 11 2
12 9 11 9
13 2 12 2
13 3 12 3
13 5 12 4
13 7 12 7
13 13 12 12
14 1 13 0
14 3 13 2
15 1 14 0
15 6 14 6
15 8 14 7
15 9 14 9
16 5 15 5
17 5 16 5
17 7 16 7
17 8 16 8
18 4 17 4
18 6 17 5
18 14 17 13
19 3 18 2
19 6 18 6
19 7 18 6
19 12 18 12
20 4 19 4
20 5 19 5
20 8 19 8
20 13 19 12
20 14 19 14
20 16 19 16
20 17 19 17
20 19 19 18
21 1 20 0
21 4 20 4
21 6 20 6
21 7 20 7
21 14 20 14
21 17 20 17
21 21 20 20
22 3 21 3
22 7 21 6
22 10 21 9
22 13 21 13
22 21 21 21
23 4 22 3
23 11 22 10
23 19 22 19
24 1 23 1
24 5 23 4
24 13 23 13
24 19 23 18
24 22 23 21
25 0 24 0
25 7 24 6
25 10 24 10
25 22 24 21
26 10 25 10
26 15 25 14
26 17 25 17
26 25 25 25
27 16 26 15
27 17 26 16
27 19 26 18
27 20 26 20
28 13 27 13
28 17 27 16
28 19 27 18
28 21 27 20
29 16 28 16
3 2 2 2
6 4 5 4
7 3 6 3
8 7 7 7
9 1 8 0
9 2 8 2
9 9 8 8
10 2 9 2
10 4 9 3
10 10 9 9
11 0 10 0
11 2 10 1
11 6 10 5
12 4 11 3
13 5 12 5
14 1 13 1
14 10 13 9
14 13 13 13
15 4 14 3
15 5 14 4
15 7 14 7
16 2 15 2
16 5 15 5
16 8 15 8
16 10 15 10
17 0 16 0
17 3 16 3
17 4 16 4
17 6 16 6
17 8 16 7
17 9 16 9
17 13 16 13
17 15 16 15
18 0 17 0
18 2 17 1
18 6 17 6
18 11 17 10
18 12 17 11
19 5 18 4
19 14 18 14
19 16 18 16
19 17 18 17
19 18 18 18
20 2 19 2
20 6 19 6
20 10 19 9
20 14 19 14
20 18 19 18
21 1 20 1
21 2 20 2
21 9 20 9
21 14 20 14
21 16 20 16
21 18 20 17
21 19 20 19
22 5 21 4
22 6 21 5
22 7 21 7
22 8 21 7
22 19 21 18
22 20 21 19
23 3 22 3
23 4 22 4
23 6 22 6
23 7 22 7
23 8 22 7
23 11 22 11
23 17 22 16
24 7 23 6
24 9 23 8
24 13 23 12
24 21 23 20
25 6 24 5
25 7 24 7
25 15 24 15
25 16 24 16
25 20 24 20
26 12 25 12
26 18 25 17
26 21 25 20
26 22 25 21
26 23 25 22
26 25 25 24
27 7 26 7
28 7 27 7
28 9 27 9
28 12 27 11
28 20 27 19
28 23 27 22
29 24 28 23
3 1 2 1
5 4 4 4
5 5 4 4
7 3 6 2
8 2 7 2
8 3 7 3
9 2 8 1
9 5 8 4
9 7 8 6
10 4 9 4
10 5 9 4
10 6 9 6
11 2 10 2
11 8 10 7
12 7 11 6
12 9 11 8
12 11 11 10
13 4 12 4
13 9 12 9
14 3 13 2
14 6 13 5
14 7 13 6
14 14 13 13
15 7 14 6
15 12 14 12
16 4 15 4
16 7 15 6
16 8 15 7
16 13 15 12
16 14 15 14
17 5 16 5
17 8 16 8
17 11 16 10
18 3 17 3
18 5 17 5
18 7 17 7
18 9 17 8
18 10 17 9
18 13 17 13
18 17 17 17
19 6 18 6
19 8 18 8
19 12 18 12
19 18 18 17
19 19 18 18
20 2 19 1
20 16 19 15
20 17 19 16
20 18 19 17
21 11 20 10
21 13 20 13
21 18 20 17
22 10 21 9
22 22 21 21
23 5 22 5
23 10 22 9
23 12 22 12
23 13 22 12
23 15 22 14
23 20 22 19
24 0 23 0
24 4 23 3
24 6 23 6
24 11 23 10
24 15 23 14
24 16 23 16
24 18 23 17
24 20 23 20
25 19 24 18
25 20 24 20
26 7 25 7
26 12 25 11
26 19 25 18
26 20 25 19
26 21 25 21
27 19 26 18
27 20 26 20
27 22 26 22
28 22 27 22
29 9 28 9
29 21 28 21
29 22 28 21
3 3 2 2
4 0 3 0
6 1 5 1
7 6 6 5
8 6 7 6
9 1 8 1
9 3 8 3
9 6 8 5
11 3 10 3
11 6 10 6
11 10 10 10
12 5 11 4
12 7 11 6
12 8 11 8
13 1 12 1
13 2 12 1
13 3 12 2
13 8 12 8
14 4 13 4
15 1 14 1
15 2 14 1
15 4 14 4
15 5 14 5
15 6 14 5
15 10 14 9
15 15 14 14
16 2 15 1
16 3 15 3
16 5 15 5
16 6 15 6
16 8 15 7
16 13 15 13
17 1 16 0
17 5 16 5
17 8 16 8
17 12 16 11
17 17 16 16
18 6 17 5
18 13 17 12
18 14 17 13
18 16 17 15
18 17 17 16
19 4 18 3
19 8 18 7
19 10 18 10
19 11 18 11
19 12 18 11
19 14 18 14
19 17 18 17
19 18 18 17
20 4 19 3
20 9 19 8
20 10 19 10
20 12 19 11
20 13 19 12
20 19 19 18
21 5 20 5
21 10 20 10
21 12 20 12
21 18 20 18
21 19 20 18
22 1 21 1
22 3 21 2
22 9 21 9
22 11 21 11
22 12 21 12
22 15 21 14
22 18 21 18
23 2 22 2
23 16 22 15
24 2 23 2
24 7 23 7
24 8 23 7
24 12 23 11
24 14 23 14
24 16 23 16
24 18 23 18
25 4 24 4
25 14 24 13
25 15 24 15
25 16 24 15
25 22 24 22
26 1 25 1
26 6 25 6
26 20 25 20
27 7 26 7
27 10 26 10
27 12 26 11
27 22 26 21
27 25 26 24
28 7 27 7
28 11 27 10
28 21 27 21
29 7 28 7
29 12 28 12
4 2 3 2
6 5 5 4
8 1 7 1
8 6 7 5
10 2 9 2
10 3 9 2
10 4 9 3
10 7 9 7
10 8 9 8
11 5 10 4
12 3 11 2
12 10 11 10
13 11 12 10
13 12 12 11
14 1 13 1
14 5 13 5
14 11 13 11
15 3 14 2
15 5 14 5
15 14 14 14
16 10 15 10
16 11 15 11
17 0 16 0
17 5 16 4
17 6 16 5
17 13 16 12
17 14 16 14
17 15 16 15
18 3 17 2
18 8 17 8
18 12 17 11
18 14 17 14
18 18 17 17
19 3 18 2
19 13 18 13
19 14 18 13
19 15 18 15
19 16 18 16
20 14 19 13
20 17 19 17
21 4 20 3
21 7 20 6
21 8 20 7
21 12 20 11
21 14 20 13
21 18 20 18
21 20 20 19
22 8 21 7
22 11 21 10
22 15 21 14
23 11 22 10
23 17 22 17
23 20 22 20
24 5 23 5
24 11 23 11
24 17 23 17
25 8 24 7
25 9 24 8
25 11 24 10
25 13 24 12
25 17 24 16
25 20 24 19
25 23 24 22
26 8 25 7
26 9 25 8
26 13 25 13
26 14 25 13
26 16 25 16
26 17 25 17
27 4 26 4
27 15 26 14
27 23 26 22
27 24 26 23
28 24 27 24
29 11 28 11
5 2 4 2
6 3 5 2
7 2 6 2
8 4 7 3
9 4 8 4
9 8 8 7
9 9 8 8
10 1 9 0
10 3 9 3
11 7 10 6
12 5 11 5
13 2 12 2
13 5 12 5
13 10 12 9
14 7 13 7
14 10 13 9
14 14 13 13
15 3 14 3
15 10 14 9
15 11 14 11
16 0 15 0
16 10 15 9
16 12 15 11
16 15 15 15
17 7 16 7
17 13 16 13
17 14 16 14
17 15 16 15
18 8 17 7
19 2 18 2
19 9 18 9
19 12 18 11
19 18 18 18
19 19 18 18
20 3 19 3
20 4 19 4
20 6 19 6
20 11 19 11
20 13 19 13
21 0 20 0
21 1 20 1
21 2 20 2
21 7 20 6
21 9 20 8
21 12 20 12
22 5 21 4
22 14 21 13
22 16 21 16
22 17 21 17
23 3 22 3
23 5 22 4
23 10 22 10
23 14 22 14
23 16 22 16
23 20 22 19
24 8 23 7
24 9 23 9
24 12 23 11
24 15 23 15
24 16 23 15
24 20 23 19
25 12 24 11
25 18 24 18
26 4 25 4
26 18 25 18
26 21 25 20
27 6 26 6
27 22 26 21
28 7 27 6
28 21 27 20
29 22 28 22
4 4 3 3
6 2 5 2
7 6 6 5
8 1 7 0
9 2 8 1
10 0 9 0
10 9 9 8
10 10 9 9
11 4 10 4
11 7 10 7
11 9 10 9
12 2 11 1
12 4 11 4
12 6 11 6
12 8 11 7
12 9 11 9
13 1 12 1
13 7 12 7
14 2 13 2
14 6 13 5
14 8 13 7
14 11 13 10
14 12 13 12
15 2 14 1
15 9 14 8
16 1 15 1
16 4 15 3
16 10 15 9
17 16 16 15
18 4 17 3
18 7 17 6
18 9 17 8
18 11 17 11
18 13 17 13
19 3 18 3
19 8 18 8
19 12 18 12
20 2 19 1
20 7 19 7
20 13 19 12
20 18 19 17
21 6 20 5
21 18 20 18
22 0 21 0
23 5 22 5
23 6 22 5
23 8 22 8
23 9 22 9
23 11 22 10
24 5 23 4
24 9 23 8
24 12 23 12
25 13 24 13
26 12 25 12
26 14 25 14
26 20 25 20
27 13 26 12
27 14 26 14
27 15 26 15
27 19 26 18
27 20 26 20
27 24 26 23
28 14 27 14
28 15 27 14
28 20 27 19
28 22 27 22
28 24 27 23
29 22 28 21
6 5 5 5
8 0 7 0
8 1 7 1
8 7 7 6
9 3 8 2
11 1 10 1
11 4 10 4
11 8 10 7
11 9 10 9
12 1 11 1
12 3 11 3
13 2 12 1
13 3 12 3
13 5 12 4
13 6 12 5
13 10 12 9
14 3 13 3
14 5 13 4
14 9 13 9
14 13 13 12
15 3 14 2
15 5 14 4
15 6 14 5
15 8 14 7
15 10 14 9
15 11 14 10
16 5 15 4
16 7 15 7
16 9 15 8
16 12 15 11
16 13 15 12
16 15 15 14
17 3 16 3
17 10 16 10
17 13 16 13
18 2 17 1
18 3 17 3
18 8 17 7
18 10 17 10
19 2 18 1
19 10 18 10
19 13 18 12
19 17 18 17
20 8 19 8
20 10 19 9
20 11 19 10
20 19 19 18
21 9 20 9
21 13 20 12
22 2 21 2
22 4 21 3
22 6 21 5
22 8 21 8
22 9 21 9
22 14 21 13
23 14 22 13
24 14 23 14
25 5 24 4
25 14 24 14
26 16 25 15
26 17 25 16
26 24 25 23
27 10 26 9
27 20 26 19
28 13 27 13
29 25 28 24
7 2 6 1
7 4 6 3
7 7 6 6
10 4 9 4
10 6 9 5
10 9 9 9
11 3 10 3
11 6 10 6
12 5 11 5
12 7 11 6
12 9 11 9
12 11 11 10
13 9 12 9
14 2 13 1
14 8 13 7
14 11 13 11
15 0 14 0
15 4 14 3
16 3 15 2
17 1 16 1
17 2 16 2
17 8 16 8
17 11 16 11
18 1 17 1
18 2 17 2
18 4 17 4
18 9 17 8
18 11 17 11
18 15 17 15
18 16 17 16
19 3 18 3
19 5 18 5
19 10 18 10
20 5 19 5
21 3 20 3
21 5 20 5
21 7 20 7
21 11 20 10
21 14 20 13
21 18 20 17
22 6 21 5
22 7 21 7
22 10 21 10
22 14 21 14
22 20 21 19
23 4 22 4
23 8 22 7
23 10 22 9
23 11 22 11
23 14 22 14
24 4 23 3
24 14 23 14
25 10 24 9
25 18 24 17
26 10 25 10
27 16 26 16
27 21 26 20
29 3 28 2
29 13 28 13
4 3 3 2
6 6 5 5
7 3 6 2
8 4 7 4
9 5 8 4
9 7 8 7
10 6 9 6
10 9 9 8
11 1 10 1
11 5 10 5
11 7 10 7
12 1 11 1
12 3 11 3
12 9 11 8
12 12 11 11
13 0 12 0
13 6 12 6
13 8 12 8
13 9 12 8
14 7 13 6
14 10 13 9
16 1 15 1
16 2 15 1
17 4 16 3
17 10 16 10
17 11 16 10
17 13 16 12
18 9 17 9
18 14 17 13
19 6 18 5
19 8 18 8
19 11 18 11
19 14 18 13
20 5 19 4
20 9 19 8
20 13 19 13
20 17 19 16
21 3 20 2
21 4 20 4
21 6 20 5
21 7 20 7
21 9 20 8
21 10 20 9
21 11 20 11
21 16 20 15
21 17 20 17
22 10 21 9
22 11 21 11
22 15 21 14
23 7 22 6
23 9 22 9
23 11 22 11
23 13 22 12
23 18 22 17
24 6 23 5
24 11 23 10
24 12 23 11
24 17 23 16
25 12 24 11
25 13 24 12
25 14 24 14
26 14 25 14
26 18 25 18
5 5 4 4
6 6 5 5
7 4 6 4
8 5 7 5
9 3 8 3
9 5 8 5
10 3 9 3
11 7 10 6
11 8 10 8
11 11 10 10
12 4 11 3
13 3 12 2
13 4 12 3
13 13 12 12
14 4 13 4
15 3 14 3
15 7 14 6
15 12 14 12
16 10 15 10
16 11 15 10
16 14 15 13
17 3 16 3
17 4 16 4
17 7 16 7
18 11 17 11
18 12 17 11
19 6 18 6
20 0 19 0
20 3 19 3
20 15 19 15
21 0 20 0
21 2 20 2
21 15 20 14
22 5 21 4
22 6 21 6
22 9 21 9
22 15 21 15
23 2 22 2
23 11 22 11
23 12 22 11
23 15 22 15
23 19 22 19
24 8 23 8
24 13 23 12
24 16 23 15
25 6 24 5
25 8 24 8
25 11 24 11
25 17 24 17
25 23 24 22
26 14 25 13
27 4 26 4
27 19 26 19
28 10 27 10
28 20 27 19
3 3 2 2
4 4 3 3
5 2 4 2
5 4 4 3
8 3 7 2
9 3 8 3
9 4 8 4
9 7 8 6
10 3 9 3
10 8 9 8
11 2 10 2
11 4 10 3
12 3 11 3
12 4 11 4
12 7 11 7
13 1 12 1
13 4 12 4
14 1 13 0
14 2 13 2
15 2 14 1
15 6 14 6
15 7 14 7
15 8 14 7
15 13 14 13
16 0 15 0
16 3 15 2
16 4 15 4
16 10 15 9
16 11 15 11
17 1 16 1
17 10 16 10
17 11 16 10
17 14 16 13
17 15 16 14
18 5 17 4
18 11 17 10
18 12 17 12
18 15 17 15
18 16 17 15
19 2 18 2
19 3 18 3
19 5 18 5
19 13 18 13
20 2 19 1
20 4 19 3
20 5 19 4
20 7 19 6
20 13 19 12
20 17 19 16
21 2 20 2
21 3 20 3
21 8 20 8
21 11 20 11
21 15 20 15
22 7 21 6
22 16 21 16
23 5 22 5
23 10 22 10
23 16 22 15
24 3 23 3
24 10 23 10
24 18 23 18
25 3 24 3
25 7 24 6
25 11 24 10
25 14 24 14
25 16 24 16
25 19 24 18
26 3 25 3
26 17 25 16
27 11 26 10
27 17 26 16
28 16 27 16
28 21 27 20
29 8 28 7
3 3 2 2
7 6 6 5
7 7 6 6
8 4 7 4
10 2 9 1
10 8 9 7
11 1 10 0
11 3 10 2
11 4 10 4
12 0 11 0
12 2 11 2
12 6 11 5
12 8 11 7
13 6 12 5
13 7 12 7
13 9 12 8
14 0 13 0
14 7 13 6
15 2 14 2
15 10 14 10
15 11 14 11
15 14 14 14
16 2 15 2
16 8 15 7
16 9 15 8
17 17 16 16
18 5 17 5
18 8 17 7
19 3 18 3
19 6 18 6
19 8 18 7
19 15 18 15
19 16 18 16
20 3 19 2
20 12 19 12
21 13 20 13
22 0 21 0
22 3 21 3
22 4 21 3
22 17 21 16
23 17 22 16
24 18 23 17
27 13 26 13
29 17 28 16
4 3 3 2
5 5 4 4
6 2 5 2
6 4 5 3
6 6 5 5
7 3 6 3
9 0 8 0
9 4 8 4
9 8 8 7
10 1 9 0
10 2 9 2
11 2 10 2
11 5 10 4
11 8 10 8
11 9 10 9
12 4 11 4
12 8 11 7
13 3 12 2
13 9 12 9
14 4 13 3
14 5 13 5
14 11 13 10
14 14 13 13
15 1 14 1
15 2 14 2
15 4 14 4
15 9 14 8
15 14 14 13
15 15 14 14
16 5 15 4
16 10 15 9
16 11 15 10
16 14 15 14
16 16 15 15
17 0 16 0
17 7 16 6
17 8 16 8
17 10 16 9
17 13 16 12
18 3 17 2
18 7 17 6
18 8 17 8
18 13 17 13
19 3 18 3
19 4 18 3
19 12 18 12
20 1 19 1
20 10 19 10
20 14 19 13
20 16 19 15
21 3 20 3
21 9 20 9
21 14 20 14
21 16 20 15
21 17 20 16
22 6 21 5
22 11 21 11
23 3 22 3
23 8 22 8
23 9 22 8
23 10 22 9
23 12 22 12
24 7 23 7
24 9 23 8
24 11 23 10
24 14 23 13
25 14 24 13
26 9 25 8
26 12 25 11
26 13 25 12
27 15 26 14
28 16 27 15
29 22 28 21
7 4 6 3
8 0 7 0
9 6 8 5
10 5 9 4
11 0 10 0
11 3 10 3
11 6 10 6
12 3 11 3
13 0 12 0
13 5 12 5
13 6 12 6
13 13 12 12
14 1 13 0
14 2 13 2
14 7 13 7
14 10 13 9
14 13 13 12
15 4 14 4
15 11 14 10
15 13 14 12
15 15 14 14
16 0 15 0
16 8 15 8
17 4 16 4
17 8 16 8
17 9 16 8
17 11 16 10
17 13 16 13
18 10 17 10
18 12 17 12
18 15 17 14
18 16 17 16
19 5 18 5
19 10 18 10
19 13 18 12
19 15 18 14
20 2 19 2
20 3 19 2
20 5 19 5
20 13 19 12
20 15 19 15
21 13 20 13
22 2 21 2
22 3 21 3
22 14 21 13
22 15 21 14
22 17 21 16
22 21 21 20
23 14 22 13
24 2 23 2
24 12 23 12
25 10 24 9
26 7 25 7
26 15 25 14
26 16 25 15
27 10 26 9
27 16 26 16
27 18 26 17
27 21 26 21
27 25 26 24
28 6 27 6
28 11 27 10
28 14 27 13
28 18 27 18
29 15 28 14
29 16 28 16
6 0 5 0
7 5 6 4
8 4 7 3
8 5 7 5
9 0 8 0
9 4 8 4
9 7 8 6
10 6 9 6
10 9 9 9
12 1 11 1
12 3 11 2
12 9 11 8
13 5 12 4
13 9 12 8
14 2 13 1
14 6 13 6
14 11 13 11
15 6 14 6
15 14 14 13
16 6 15 6
16 7 15 6
16 12 15 11
16 14 15 13
16 15 15 14
17 5 16 5
17 7 16 6
17 10 16 9
17 12 16 12
17 16 16 16
18 12 17 12
18 16 17 16
18 18 17 17
19 3 18 2
19 9 18 8
19 12 18 12
19 15 18 14
19 18 18 18
20 8 19 8
20 9 19 9
20 12 19 11
21 2 20 2
21 5 20 5
21 6 20 5
21 8 20 7
21 9 20 8
21 10 20 9
22 2 21 2
22 5 21 5
22 7 21 6
22 8 21 8
22 12 21 12
22 16 21 15
23 5 22 5
23 18 22 17
24 16 23 15
25 4 24 4
25 7 24 7
25 14 24 14
25 18 24 18
26 10 25 10
26 14 25 14
27 8 26 7
28 10 27 9
28 11 27 11
28 15 27 15
5 2 4 2
6 5 5 4
7 1 6 0
8 5 7 4
8 7 7 6
8 8 7 7
9 6 8 5
10 0 9 0
10 5 9 4
10 6 9 5
11 3 10 3
12 5 11 5
13 6 12 5
13 10 12 9
14 6 13 5
14 9 13 8
14 10 13 10
15 9 14 8
15 11 14 10
16 5 15 4
16 12 15 12
17 2 16 2
17 12 16 11
17 13 16 12
17 14 16 14
17 15 16 15
17 16 16 15
18 2 17 1
18 9 17 9
18 16 17 15
18 17 17 16
19 5 18 5
19 8 18 7
19 11 18 10
19 13 18 13
20 9 19 8
20 20 19 19
22 6 21 5
22 7 21 7
22 9 21 9
22 18 21 17
23 6 22 5
23 7 22 7
23 8 22 8
23 9 22 8
23 12 22 11
23 19 22 18
24 3 23 3
24 4 23 4
24 8 23 8
24 14 23 14
25 8 24 8
25 17 24 16
26 11 25 11
27 7 26 7
28 8 27 8
28 12 27 11
28 13 27 13
28 18 27 17
4 4 3 3
7 0 6 0
7 1 6 1
7 4 6 3
7 5 6 5
8 2 7 1
8 6 7 5
9 2 8 2
10 2 9 2
10 3 9 2
10 4 9 3
11 3 10 3
11 5 10 4
11 7 10 7
11 8 10 8
12 7 11 6
12 8 11 8
13 8 12 7
15 6 14 6
15 7 14 6
15 12 14 12
16 7 15 6
16 11 15 10
16 13 15 13
17 10 16 10
18 5 17 4
18 6 17 5
18 7 17 6
18 14 17 13
19 1 18 1
19 6 18 5
19 7 18 7
19 11 18 11
19 16 18 16
19 18 18 17
20 5 19 5
20 7 19 6
20 8 19 8
20 14 19 13
20 16 19 15
21 5 20 5
21 6 20 6
21 15 20 14
21 20 20 19
21 21 20 20
22 17 21 17
22 22 21 21
23 18 22 18
25 11 24 10
25 20 24 20
26 9 25 9
27 11 26 10
28 19 27 18
5 0 4 0
5 4 4 3
7 5 6 4
8 2 7 1
8 5 7 5
9 3 8 3
9 9 8 8
10 9 9 9
11 1 10 1
12 0 11 0
13 0 12 0
13 12 12 11
14 4 13 4
15 4 14 3
15 5 14 4
15 8 14 7
15 10 14 10
16 8 15 8
16 10 15 9
16 14 15 13
17 10 16 10
18 1 17 1
18 3 17 3
18 11 17 11
18 12 17 12
19 1 18 0
19 4 18 4
19 6 18 5
19 7 18 6
19 9 18 9
19 12 18 11
19 13 18 12
19 16 18 15
19 17 18 16
19 19 18 18
20 2 19 2
20 5 19 4
20 12 19 12
20 19 19 18
21 9 20 9
21 14 20 13
22 5 21 5
22 6 21 6
23 16 22 16
24 12 23 11
24 18 23 17
25 3 24 3
25 13 24 12
25 15 24 15
26 3 25 3
26 8 25 7
26 13 25 13
27 10 26 10
27 12 26 12
27 19 26 18
6 1 5 1
6 5 5 5
7 6 6 6
10 7 9 6
10 9 9 8
11 6 10 6
11 8 10 7
11 9 10 9
12 6 11 6
12 7 11 6
13 2 12 2
13 9 12 8
14 3 13 2
14 4 13 3
14 7 13 7
14 10 13 9
15 1 14 0
15 4 14 4
15 6 14 5
15 8 14 7
16 2 15 2
16 12 15 11
17 5 16 4
17 6 16 6
17 13 16 13
18 4 17 4
18 7 17 7
18 10 17 10
19 2 18 2
19 3 18 3
19 12 18 11
20 3 19 3
20 10 19 9
20 11 19 11
21 4 20 3
21 5 20 5
21 13 20 13
21 15 20 15
21 16 20 16
22 6 21 5
23 9 22 9
26 12 25 12
26 15 25 15
26 18 25 17
4 2 3 2
6 0 5 0
7 7 6 6
8 4 7 3
8 8 7 7
9 8 8 7
10 1 9 1
10 4 9 4
11 0 10 0
11 7 10 6
12 1 11 1
12 11 11 11
12 12 11 11
14 5 13 4
14 11 13 10
14 12 13 12
15 10 14 9
16 2 15 1
16 6 15 6
16 9 15 9
16 10 15 10
16 11 15 11
17 3 16 3
17 6 16 5
17 9 16 8
17 10 16 9
17 11 16 10
17 12 16 11
17 17 16 16
18 6 17 6
18 9 17 9
18 12 17 11
18 17 17 16
18 18 17 17
19 9 18 9
19 11 18 10
20 1 19 1
20 10 19 9
20 14 19 14
20 16 19 15
21 8 20 7
21 12 20 12
21 20 20 19
22 10 21 10
22 16 21 16
23 10 22 10
23 16 22 16
24 19 23 19
25 7 24 7
25 12 24 12
25 16 24 15
26 17 25 16
4 2 3 1
5 0 4 0
6 5 5 4
7 3 6 3
8 3 7 2
9 1 8 1
11 6 10 5
12 7 11 6
13 4 12 3
14 4 13 4
14 6 13 6
14 9 13 8
15 0 14 0
15 7 14 6
16 3 15 3
16 4 15 3
16 5 15 4
16 9 15 9
16 10 15 10
16 11 15 10
17 6 16 6
17 7 16 7
17 9 16 9
17 12 16 12
17 16 16 15
18 7 17 6
18 11 17 11
18 15 17 14
19 12 18 12
19 13 18 12
20 7 19 7
20 12 19 12
20 13 19 12
20 14 19 13
21 7 20 7
21 10 20 10
21 11 20 10
21 14 20 14
23 2 22 2
23 22 22 21
24 6 23 5
24 9 23 9
24 10 23 10
28 12 27 11
29 12 28 12
5 5 4 4
6 3 5 2
6 6 5 5
7 1 6 0
7 7 6 6
9 2 8 2
9 4 8 4
10 3 9 2
11 1 10 1
11 9 10 8
12 2 11 2
12 4 11 3
12 5 11 4
12 9 11 9
12 11 11 10
13 5 12 5
13 12 12 11
13 13 12 12
14 0 13 0
14 13 13 12
16 0 15 0
16 1 15 1
16 8 15 8
17 1 16 1
18 3 17 3
18 8 17 8
18 11 17 10
18 13 17 12
19 0 18 0
19 9 18 8
19 12 18 12
20 0 19 0
20 4 19 3
20 6 19 6
20 13 19 13
20 14 19 13
21 10 20 9
22 17 21 16
23 0 22 0
23 19 22 18
25 10 24 10
25 15 24 15
26 12 25 12
27 8 26 8
27 13 26 13
29 12 28 11
5 5 4 4
8 0 7 0
8 4 7 3
8 6 7 5
9 4 8 3
9 6 8 6
10 7 9 6
12 5 11 5
12 8 11 7
13 9 12 9
14 1 13 1
14 6 13 5
15 6 14 5
15 11 14 10
15 13 14 12
16 1 15 1
16 12 15 11
17 8 16 8
18 0 17 0
18 9 17 8
19 8 18 8
19 13 18 13
19 14 18 14
19 15 18 15
20 9 19 9
20 10 19 9
21 8 20 8
21 13 20 12
22 10 21 9
22 12 21 12
24 0 23 0
25 1 24 1
25 11 24 10
27 14 26 14
6 6 5 5
7 0 6 0
7 3 6 2
8 2 7 2
8 4 7 4
8 6 7 5
8 8 7 7
10 4 9 3
10 5 9 4
10 6 9 5
11 5 10 4
11 6 10 5
11 7 10 6
11 10 10 9
11 11 10 10
12 0 11 0
12 11 11 11
13 0 12 0
13 2 12 2
13 9 12 8
14 12 13 11
16 7 15 6
16 13 15 12
16 14 15 13
17 0 16 0
17 4 16 3
17 6 16 5
17 11 16 10
17 13 16 12
18 0 17 0
18 8 17 8
18 12 17 11
18 14 17 13
19 0 18 0
19 7 18 7
19 14 18 13
20 7 19 7
20 17 19 16
20 20 19 19
21 10 20 9
21 11 20 11
21 16 20 16
22 0 21 0
22 2 21 2
22 14 21 14
22 15 21 14
23 7 22 6
24 1 23 1
25 0 24 0
26 11 25 11
3 2 2 1
4 4 3 3
5 5 4 4
7 1 6 1
7 5 6 5
9 6 8 6
10 0 9 0
10 1 9 1
10 3 9 3
10 9 9 8
11 2 10 2
12 2 11 2
12 9 11 8
14 14 13 13
15 1 14 1
15 3 14 3
15 10 14 9
15 15 14 14
16 11 15 10
16 16 15 15
17 5 16 5
17 8 16 7
17 13 16 13
17 15 16 14
18 15 17 14
18 16 17 15
19 6 18 6
19 19 18 18
20 11 19 11
21 1 20 0
21 7 20 7
21 14 20 13
21 18 20 17
22 5 21 5
22 8 21 7
22 11 21 11
23 1 22 1
23 3 22 3
24 11 23 10
26 0 25 0
27 16 26 15
5 2 4 1
6 0 5 0
6 1 5 1
6 5 5 4
7 0 6 0
9 0 8 0
9 2 8 2
9 3 8 3
9 4 8 4
13 6 12 5
14 7 13 6
14 8 13 8
14 9 13 8
15 8 14 7
15 9 14 8
15 12 14 11
16 3 15 3
16 6 15 5
16 9 15 8
16 10 15 10
17 7 16 6
17 12 16 12
18 0 17 0
19 12 18 12
20 11 19 10
21 0 20 0
21 12 20 11
21 21 20 20
22 12 21 12
24 7 23 7
25 8 24 7
26 8 25 8
27 3 26 3
27 12 26 11
28 3 27 3
3 3 2 2
4 0 3 0
4 3 3 2
5 1 4 1
6 2 5 2
6 4 5 3
7 5 6 4
8 4 7 3
8 6 7 5
10 2 9 2
10 6 9 5
10 10 9 9
11 3 10 3
11 8 10 7
11 10 10 9
11 11 10 10
13 11 12 10
15 5 14 4
15 15 14 14
16 4 15 3
16 5 15 5
16 8 15 8
17 10 16 10
17 11 16 10
18 11 17 10
19 13 18 12
20 4 19 4
20 10 19 10
20 12 19 11
20 13 19 13
20 18 19 17
21 3 20 3
21 10 20 10
22 1 21 1
22 13 21 12
22 15 21 14
22 16 21 15
23 1 22 1
23 6 22 5
23 11 22 11
24 3 23 3
24 12 23 11
26 9 25 8
26 11 25 10
28 20 27 20
8 1 7 1
9 2 8 1
9 4 8 3
10 3 9 3
10 7 9 6
11 2 10 2
11 4 10 3
12 0 11 0
12 5 11 4
12 7 11 7
12 10 11 10
13 5 12 5
13 7 12 6
13 8 12 8
13 13 12 12
14 11 13 10
14 14 13 13
15 5 14 4
15 13 14 12
15 14 14 13
16 7 15 7
16 9 15 9
16 10 15 9
17 12 16 11
17 14 16 13
17 17 16 16
18 15 17 14
18 18 17 17
19 14 18 14
21 11 20 11
23 6 22 6
23 13 22 13
23 16 22 15
23 17 22 16
24 7 23 7
24 11 23 11
24 13 23 13
25 3 24 3
25 11 24 11
25 12 24 12
26 13 25 12
27 10 26 9
5 3 4 2
5 4 4 3
6 6 5 5
7 3 6 3
7 5 6 5
7 7 6 6
8 0 7 0
8 5 7 4
11 7 10 6
12 2 11 2
12 5 11 5
12 8 11 7
13 5 12 5
13 10 12 9
13 11 12 10
14 2 13 2
14 3 13 3
14 6 13 5
14 12 13 11
15 2 14 2
15 6 14 5
15 9 14 8
15 10 14 10
16 4 15 4
16 8 15 7
16 11 15 10
16 12 15 11
16 15 15 14
17 4 16 4
17 8 16 7
19 11 18 10
19 13 18 12
19 17 18 16
20 13 19 12
21 17 20 16
22 22 21 21
24 6 23 6
24 17 23 16
26 3 25 3
2 2 1 1
4 3 3 2
5 0 4 0
7 1 6 1
9 2 8 2
9 5 8 4
10 0 9 0
10 10 9 9
11 0 10 0
11 7 10 6
13 2 12 2
13 11 12 10
14 5 13 4
14 7 13 7
14 9 13 9
15 4 14 3
15 13 14 12
15 15 14 14
16 13 15 12
16 14 15 13
17 11 16 10
18 10 17 9
18 13 17 12
21 12 20 11
22 14 21 13
24 14 23 13
24 17 23 17
25 14 24 13
25 18 24 17
1 1 0 0
4 2 3 1
4 4 3 3
6 0 5 0
7 0 6 0
8 0 7 0
9 3 8 2
10 2 9 1
11 5 10 5
13 1 12 1
14 2 13 1
14 8 13 8
15 3 14 2
15 7 14 6
15 9 14 9
16 2 15 2
17 13 16 12
19 18 18 17
20 20 19 19
21 4 20 4
22 15 21 14
23 12 22 11
24 1 23 1
24 10 23 9
27 12 26 11
3 2 2 2
3 3 2 2
4 1 3 1
6 5 5 4
7 5 6 5
9 0 8 0
12 2 11 2
12 6 11 6
13 3 12 3
13 8 12 8
14 5 13 5
14 8 13 7
15 3 14 3
15 5 14 5
15 6 14 6
16 16 15 15
17 14 16 13
17 15 16 14
17 16 16 15
18 5 17 5
18 10 17 10
19 16 18 15
20 0 19 0
20 16 19 15
21 1 20 1
21 15 20 14
22 1 21 1
22 4 21 4
22 10 21 10
23 6 22 6
23 12 22 12
23 15 22 14
24 8 23 7
24 13 23 12
24 18 23 17
5 5 4 4
7 5 6 4
8 0 7 0
8 1 7 1
9 3 8 3
9 5 8 5
10 2 9 2
12 8 11 8
13 7 12 7
14 3 13 2
16 0 15 0
17 9 16 9
17 17 16 16
19 14 18 13
19 19 18 18
20 17 19 16
21 16 20 15
23 12 22 12
23 13 22 12
23 14 22 13
24 14 23 13
26 19 25 18
3 0 2 0
4 0 3 0
6 4 5 3
8 2 7 2
9 2 8 2
10 6 9 5
13 2 12 2
13 4 12 4
13 10 12 10
14 8 13 7
15 3 14 3
15 7 14 7
15 8 14 7
15 11 14 10
18 17 17 16
19 0 18 0
19 4 18 4
19 15 18 14
19 18 18 17
20 1 19 0
20 15 19 14
21 10 20 10
21 16 20 15
23 8 22 8
23 11 22 11
2 0 1 0
5 3 4 2
9 5 8 5
9 6 8 5
10 8 9 7
11 8 10 7
12 4 11 3
12 8 11 7
12 9 11 9
12 11 11 10
13 4 12 4
13 6 12 6
16 3 15 3
17 16 16 15
18 4 17 4
20 16 19 15
21 17 20 16
1 0 0 0
4 2 3 1
11 2 10 2
11 10 10 9
12 3 11 3
14 1 13 1
14 2 13 2
15 0 14 0
15 1 14 1
15 2 14 2
17 5 16 5
18 15 17 14
25 6 24 6
28 11 27 10
6 0 5 0
8 2 7 2
10 0 9 0
12 1 11 1
14 3 13 3
15 13 14 12
15 15 14 14
16 5 15 5
16 14 15 13
16 16 15 15
17 14 16 13
18 16 17 15
19 14 18 13
21 9 20 8
21 14 20 13
22 16 21 15
22 18 21 17
25 3 24 3
5 0 4 0
8 5 7 5
10 2 9 2
13 1 12 1
16 7 15 7
16 8 15 7
16 15 15 14
17 0 16 0
18 18 17 17
19 16 18 15
20 20 19 19
25 14 24 13
3 2 2 1
10 7 9 7
10 9 9 8
11 7 10 6
12 2 11 2
12 4 11 4
13 2 12 2
13 3 12 3
13 12 12 11
14 0 13 0
14 7 13 6
14 12 13 11
15 3 14 3
15 5 14 5
17 15 16 14
18 0 17 0
18 15 17 14
21 21 20 20
25 1 24 1
3 0 2 0
4 0 3 0
7 2 6 2
7 5 6 5
8 5 7 4
9 2 8 2
9 6 8 5
10 6 9 5
11 3 10 3
11 8 10 7
12 0 11 0
12 3 11 3
13 0 12 0
13 8 12 7
14 6 13 6
16 3 15 3
16 4 15 3
20 1 19 1
23 17 22 16
26 1 25 1
3 0 2 0
7 4 6 3
7 5 6 4
8 5 7 5
9 8 8 7
9 9 8 8
13 3 12 3
13 11 12 10
15 9 14 8
16 0 15 0
16 1 15 1
16 4 15 4
17 7 16 7
19 17 18 16
25 19 24 18
27 1 26 1
6 1 5 1
8 7 7 6
9 5 8 4
10 3 9 3
11 9 10 8
13 9 12 8
14 0 13 0
14 9 13 8
15 4 14 4
17 17 16 16
22 0 21 0
22 17 21 16
23 0 22 0
6 4 5 3
8 5 7 4
9 3 8 3
10 7 9 6
12 11 11 10
13 6 12 6
13 8 12 7
14 8 13 7
17 3 16 3
18 16 17 15
19 0 18 0
21 1 20 1
5 1 4 1
7 5 6 4
11 0 10 0
11 1 10 1
11 10 10 9
15 0 14 0
15 14 14 13
16 0 15 0
17 0 16 0
23 1 22 1
7 6 6 5
8 2 7 2
9 1 8 1
10 9 9 8
10 10 9 9
12 0 11 0
12 10 11 9
12 12 11 11
13 11 12 10
14 0 13 0
14 1 13 1
14 13 13 12
17 8 16 7
22 1 21 1
23 16 22 15
6 3 5 2
8 1 7 1
11 4 10 4
11 11 10 10
12 1 11 1
12 2 11 2
17 2 16 2
20 19 19 18
21 0 20 0
22 15 21 14
7 4 6 3
8 8 7 7
10 10 9 9
12 7 11 6
12 12 11 11
13 1 12 1
14 11 13 11
14 12 13 11
15 1 14 1
18 2 17 2
21 20 20 19
5 3 4 2
10 1 9 1
10 4 9 4
13 13 12 12
4 2 3 1
11 0 10 0
12 12 11 11
13 8 12 7
13 12 12 11
14 14 13 13
15 15 14 14
16 16 15 15
19 1 18 1
20 0 19 0
24 0 23 0
9 8 8 7
11 8 10 7
13 0 12 0
7 0 6 0
9 9 8 8
12 0 11 0
15 12 14 11
15 13 14 12
16 1 15 1
17 17 16 16
19 0 18 0
20 1 19 1
22 0 21 0
23 0 22 0
24 1 23 1
25 1 24 1
7 1 6 1
11 11 10 10
21 0 20 0
6 3 5 2
9 1 8 1
16 14 15 13
20 0 19 0
22 0 21 0
5 4 4 3
13 13 12 12
14 14 13 13
16 2 15 2
17 15 16 14
18 18 17 17
21 0 20 0
21 1 20 1
6 0 5 0
6 5 5 4
10 10 9 9
12 9 11 9
18 0 17 0
18 1 17 1
18 16 17 15
19 0 18 0
19 1 18 1
23 1 22 1
24 1 23 1
5 0 4 0
17 1 16 1
26 1 25 1
7 7 6 6
16 0 15 0
25 1 24 1
27 1 26 1
4 3 3 2
8 8 7 7
11 11 10 10
14 12 13 11
15 13 14 12
16 14 15 13
19 17 18 16
3 2 2 1
25 0 24 0
9 9 8 8
10 10 9 9
11 1 10 1
12 1 11 1
13 1 12 1
13 11 12 10
26 1 25 1
6 6 5 5
7 6 6 5
14 1 13 1
26 0 25 0
17 0 16 0
17 2 16 2
5 4 4 3
5 5 4 4
12 12 11 11
24 0 23 0
16 1 15 1
18 0 17 0
15 1 14 1
7 7 6 6
20 0 19 0
13 13 12 12
19 0 18 0
6 5 5 4
8 7 7 6
8 8 7 7
14 1 13 1
6 6 5 5
7 7 6 6
11 11 10 10
12 12 11 11
14 14 13 13
15 0 14 0
16 0 15 0
14 0 13 0
15 0 14 0
9 9 8 8
10 1 9 1
13 1 12 1
9 1 8 1
10 10 9 9
13 0 12 0
14 0 13 0
17 0 16 0
11 11 10 10
16 0 15 0
13 13 12 12
8 1 7 1
12 12 11 11
18 0 17 0
10 0 9 0
9 0 8 0
11 0 10 0
10 0 9 0
15 0 14 0
12 0 11 0
13 0 12 0
8 0 7 0
9 0 8 0
14 0 13 0
11 0 10 0
10 0 9 0
12 0 11 0
11 0 10 0
13 0 12 0
7 0 6 0
8 0 7 0
